structure(list(name = structure(c(2L, 2L, 2L, 2L, 2L, 2L, 2L, 
2L, 2L, 2L, 2L, 2L, 2L, 2L, 2L, 2L, 2L, 2L, 2L, 2L, 2L, 2L, 2L, 
2L, 2L, 2L, 2L, 2L, 2L, 2L, 2L, 2L, 2L, 2L, 2L, 2L, 2L, 2L, 2L, 
2L, 2L, 2L, 4L, 4L, 4L, 4L, 4L, 4L, 4L, 4L, 4L, 4L, 4L, 4L, 4L, 
4L, 4L, 4L, 4L, 4L, 4L, 4L, 4L, 4L, 4L, 4L, 4L, 4L, 4L, 4L, 4L, 
4L, 4L, 4L, 3L, 3L, 3L, 3L, 3L, 3L, 3L, 3L, 3L, 3L, 3L, 3L, 3L, 
3L, 3L, 3L, 3L, 3L, 3L, 3L, 3L, 3L, 3L, 3L, 3L, 3L, 3L, 3L, 3L, 
3L, 3L, 3L, 3L, 3L, 3L, 3L, 3L, 1L, 1L, 1L, 1L, 1L, 1L, 1L, 1L, 
1L, 1L, 1L, 1L, 1L, 1L, 1L, 1L, 1L, 1L, 1L, 1L, 1L, 1L, 1L, 1L, 
1L, 1L, 1L, 1L, 5L, 5L, 5L, 5L, 5L, 5L, 5L, 5L, 5L, 5L, 5L, 5L, 
5L, 5L, 5L, 5L, 5L, 5L, 5L, 5L, 5L, 5L, 5L, 5L, 5L, 5L, 5L, 5L, 
5L, 6L, 6L, 6L, 6L, 6L, 6L, 6L, 6L, 6L, 6L, 6L, 6L, 6L, 6L, 6L, 
6L, 6L, 6L, 6L, 6L, 6L, 6L, 6L, 6L, 6L, 6L, 6L, 6L, 6L, 6L, 6L, 
6L), .Label = c("Василенок Ольга", "Долидович Сергей", "Иванов Алексей", 
"Лазуткин Александр", "Рудакова Екатерина", "Санникова Елена"
), class = "factor"), date = structure(c(14405, 14408, 14414, 
14426, 14438, 14443, 14446, 14449, 14453, 14489, 14502, 14516, 
14517, 14518, 14519, 14520, 14521, 14524, 14528, 14532, 14547, 
14551, 14552, 14556, 14563, 14565, 14568, 14569, 14574, 14577, 
14587, 14588, 14589, 14648, 14649, 14650, 14651, 14652, 14653, 
14655, 14657, 14667, 14405, 14408, 14414, 14438, 14443, 14446, 
14449, 14453, 14488, 14502, 14516, 14517, 14518, 14521, 14528, 
14547, 14551, 14552, 14556, 14563, 14565, 14569, 14574, 14577, 
14587, 14594, 14600, 14611, 14615, 14615, 14618, 14489, 14405, 
14408, 14414, 14426, 14438, 14443, 14446, 14449, 14453, 14488, 
14502, 14516, 14517, 14521, 14528, 14547, 14551, 14556, 14563, 
14565, 14569, 14574, 14577, 14587, 14594, 14600, 14601, 14602, 
14611, 14615, 14617, 14618, 14648, 14650, 14651, 14651, 14489, 
14253, 14256, 14260, 14263, 14489, 14504, 14516, 14518, 14520, 
14524, 14526, 14528, 14532, 14547, 14550, 14551, 14566, 14568, 
14573, 14586, 14588, 14590, 14600, 14615, 14615, 14618, 14658, 
14663, 14253, 14256, 14260, 14263, 14489, 14504, 14516, 14518, 
14520, 14524, 14526, 14528, 14532, 14547, 14550, 14551, 14566, 
14568, 14573, 14586, 14588, 14590, 14600, 14611, 14611, 14615, 
14615, 14658, 14666, 14253, 14256, 14260, 14263, 14489, 14504, 
14516, 14518, 14520, 14524, 14526, 14528, 14532, 14547, 14550, 
14551, 14566, 14568, 14573, 14586, 14588, 14590, 14600, 14611, 
14611, 14615, 14615, 14618, 14657, 14658, 14660, 14665), class = "Date"), 
    moch = c(3.9, 4.84, 3.6, 5.34, 4.61, 4.15, 4.86, 5.07, 4.03, 
    4.37, 4.08, 3.16, NA, NA, NA, NA, 4.54, NA, 6.2, NA, 3.81, 
    4.29, 5, 4.15, 4.84, 4.5, NA, 4.26, 5.26, 6.34, 4.88, NA, 
    NA, NA, NA, NA, NA, 5.99, 5.07, 3.56, 5.1, 4.04, 3.5, 4.6, 
    5.67, 3.8, 3.69, 3.96, 4.99, 3.61, 4.9, 4.35, 4.69, NA, NA, 
    3.6, 4.19, 4.63, 3.23, 4.77, 3.54, 4.85, 4.7, 3.58, 3.24, 
    5.49, 3.8, 3.39, 4.85, 4.75, 4.15, 5.24, 4.49, NA, 4, 6.2, 
    6.8, 6.5, 6.1, 7, 6.6, 7.1, 6.3, 4.5, 4.7, 4.5, NA, 6.2, 
    7.5, 6.9, 6, 6.7, 5.2, 4.7, 4, 7.8, 7.4, 6.5, 6.9, 6.5, NA, 
    NA, 4.9, 4.7, NA, 5.2, NA, 5, NA, NA, NA, 5.53, 6.51, 6.18, 
    7.17, 5.71, 4.56, 4.46, 6.2, 4.04, 4.89, 4.05, 5.53, 8.31, 
    6.05, 5.66, 4.92, 4.44, 5.63, 4.52, 4.57, 5.68, 4.88, 3.17, 
    5.24, 5.42, 6.25, 4.82, 3.81, 5.61, 6.7, 6.51, 6.45, 7.63, 
    6.95, 7.83, 8.01, 6.23, 7.41, 6.44, 8.55, 7.97, 9.19, 6.03, 
    6.07, 6.83, 7.5, 4.52, 6.31, 6.28, 6.28, 6.34, 8.15, 9.53, 
    6.77, 6.69, 6.24, 6, 3.56, 4.07, 4.23, 5.32, 4.82, 5.01, 
    4.38, 5.66, 3.54, 6.69, 3.6, 4.61, 5.61, 5.3, 5.81, 4.08, 
    4.71, 5.77, 6.35, 3.24, 4.26, 5.89, 3.98, 6.2, 7.56, 5.16, 
    4.72, 5.64, 5.95, 5.47, 6.52, 5.43), kfk = c(408, 238, 239, 
    189, 172, 210, 258, 136, 369, 305.4, 177, 140, NA, NA, NA, 
    NA, 222, NA, 101, NA, 248, 165, 224, 148, 328, 180, NA, 186, 
    321, 184, 140, NA, NA, NA, NA, NA, NA, 1105, 792, 321, 187, 
    132, 115, 102, 169, 63, 99, 102, 149, 95, 276, 103, 66, NA, 
    NA, 82, 82, 91, 82, 48, 82, 212, 198, 135, 135, 149, 480, 
    148, 74, 140, 99, 198, 82, NA, 487, 586, 639, 408, 225, 432, 
    471, 372, 558, 639, 264, 206, NA, 364, 240, 330, 636, 240, 
    544, 416, 360, 309, 210, 200, 504, 421, NA, NA, 388, 298, 
    NA, 380, NA, 364, NA, NA, NA, 190, 222, 194, 549, 581, 173, 
    156, 355, 148, 306, 404, 272, 314, 248, 306, 256, 200, 301, 
    297, 280, 289, 214, 214, 182, 272, 190, 472, 492, 132, 148, 
    119, 198, 132, 111, 158, 180, 112, 100, 148, 132, 164, 214, 
    140, 157, 99, 149, 135, 165, 174, 124, 100, 180, 214, 106, 
    163, 380, 281, 115, 132, 144, 214, 305, 190, 116, 305, 232, 
    297, 297, 190, 158, 206, 396, 336, 182, 272, 273, 172, 185, 
    174, 198, 182, 314, 206, 264, 206, 283, 412, 397, 232), hluk = c(5.04, 
    3.55, 3.96, 4.7, 4.34, 4.97, 4.22, 4.19, 4.64, 3.72, 3.4, 
    4.89, NA, NA, NA, NA, 4.64, NA, 5.15, NA, 4.79, 4.75, 4.53, 
    4.92, 4.14, 4.72, NA, 3.05, 3.94, 5.21, 4.78, NA, NA, NA, 
    NA, NA, NA, 3.9, 3.75, 4.11, 4.45, 4.26, 4.75, 4.27, 4.07, 
    3.58, 4.27, 4.66, 3.87, 4.32, 4.05, 3.55, 5.17, NA, NA, 4.46, 
    5.29, 4.74, 4.51, 4.63, 3.42, 3.73, 4.92, 4.67, 4.45, 4.53, 
    4.24, 4.76, 4.75, 4.02, 4.15, 5.3, 4.63, NA, 4.5, 3.9, 4.2, 
    3.2, 4.7, 4.3, 4.7, 5.7, 6.9, 4.5, 4.7, 5.2, NA, 5.9, 5.2, 
    4.7, 5.1, 5.3, 4.6, 4.5, 4, 6.8, 5.2, 5.1, 6, 5, NA, NA, 
    5.3, 5.4, NA, 5.3, NA, 5.1, NA, NA, NA, 3.94, 3.5, 3.95, 
    4.3, 4.46, 4.6, 4.53, 3.84, 5.16, 5.14, 4.03, 4.52, 4.39, 
    4.96, 5.26, 4.93, 4.92, 4.88, 4.52, 5.26, 4.88, 5.53, 5.82, 
    4.82, 6.72, 4.97, 4.39, 3.64, 3.91, 3.7, 3.1, 4.6, 4.12, 
    3.9, 3.86, 3.95, 4.7, 4.14, 3.31, 4.23, 5.39, 4.23, 4.58, 
    3.89, 4.8, 4.27, 5.15, 3.53, 3.79, 3.76, 4.19, 4.05, 6.3, 
    4.28, 5.78, 4.23, 4.12, 3.5, 3.63, 3.25, 4.4, 4.47, 4.24, 
    4.53, 4.84, 4.61, 5.13, 3.63, 4.79, 4.07, 4.02, 4.38, 3.96, 
    3.81, 3.87, 4.45, 3.75, 4.73, 4.67, 4.34, 4.69, 4.16, 5.22, 
    6.8, 4.67, 4.48, 3.88, 3.83, 4.34), act = c(45, 34, 31, 24, 
    21, 24, 21, 30, 32, 37, 21, NA, NA, NA, NA, NA, 28, NA, 42, 
    NA, 28, 20, 28, 18, 36, 34, NA, 20, 14, 24, 21, NA, NA, NA, 
    NA, NA, NA, 50, 56, 48, 32, 38, 35, 24, 22, 28, 20, 23, 28, 
    14, 38, 24, 21, NA, NA, 15, 26, 17, 18, 14, 31, 29, 21, 32, 
    18, 35, 42, 28, 20, 31, 15, 15, 17, NA, 42, 38, 35, 42, 14, 
    45, 35, 29, 49, 35, 26, 32, NA, 28, 21, 31, 42, 36, 29, 35, 
    38, 24, 12, 28, 49, 42, NA, NA, 24, 35, NA, 42, NA, 24, NA, 
    NA, NA, 21, 28, 28, 41.9, 43, 28, 28, 21, 46, 42, 45, 47, 
    40, 32, 35, 31, 24, 46, 28, 46, 35, 35, 40, 31, 38, 34, 32, 
    40, 24, 28, 24, 28, 26, 24, 28, 38, 21, 21, 10, 36, 36, 32, 
    20, 40, 24, 31, 20, 24, 24, 28, 15, 32, 27, 17, 30, 21, 24, 
    31, 28, 31, 28, 33, 30, 8, 38, 35, 36, 26, 21, 36, 38, 42, 
    42, 38, 32, 31, 32, 38, 24, 35, 28, 35, 39, 40, 58, 21, 28, 
    28, 39), alt = c(18, 18, 11, 9, 27, 21, NA, 27, 28, 11, 7, 
    NA, NA, NA, NA, NA, NA, NA, 21, NA, 17, 21, 14, 14, 27, 24, 
    NA, 10, 15, 17, 24, NA, NA, NA, NA, NA, NA, 24, 21, 34, 8, 
    21, 14, 15, 10, 28, 21, NA, 13, 18, 14, 9, 20, NA, NA, NA, 
    24, 18, 17, 14, 17, 20, 17, 20, 14, 14, 28, 31, 28, 17, 14, 
    10, 18, NA, 12, NA, 16, 16, 20, 21, 34, 28, 32, 14, 14, 21, 
    NA, 24, 36, 24, 38, 28, 28, 32, 41, 21, 21, 24, 32, 38, NA, 
    NA, 28, 32, NA, 36, NA, 28, NA, NA, NA, 20, 17, 24, 31.4, 
    16, 14, 17, 20, 31, 36, 31, 26, 30, 17, 24, 18, 24, 35, 24, 
    38, 14, 24, 38, 28, 32, 28, 28, 32, 14, 14, 10, 17, 7, 12, 
    21, 21, 20, 15, 10, 25, 21, 24, 21, 24, 17, 17, 14, 31, 25, 
    14, 14, 21, 18, 18, 21, 24, 8, 28, 17, 25, 24, 19, 19, 18, 
    35, 40, 26, 21, NA, 27, 32, 42, 43, 46, 38, 38, 28, 32, 21, 
    24, 21, 28, 35, 35, 59, 12, 24, 25, 38),